 -4.9515714e+000  3.3787693e-001  1.5062427e-001  2.1111204e-003 -7.3070812e-003 -1.2990308e-002  2.8999425e-003  1.6471514e-003 -1.5938007e-003  7.0253824e-003 -2.0727911e-003 -2.3127644e-003  2.2828839e-003 -3.5136300e-004 -2.5539412e-003  9.0129327e+000
 -5.3859872e+000 -1.8114126e-001 -2.0143969e-001 -8.9455807e-003  2.0405186e-002  3.4902096e-002 -6.5983071e-003  6.7621796e-004 -3.9311442e-003 -9.0903097e-004 -4.0086254e-003  4.6581056e-004  2.0852625e-003 -9.4559174e-005 -1.4703875e-003  1.0672538e+001
 -4.9710799e+000  2.5543741e-002 -5.4590797e-002 -2.4936951e-002  4.3188730e-003  2.2178133e-002 -3.0221673e-003  1.0591312e-004 -1.5152665e-003 -3.0292347e-004 -1.1359378e-003  6.0982720e-004  1.0804029e-004  8.6848456e-005 -1.2456370e-003  1.1137286e+001
 -4.6723168e+000  5.9736685e-001 -1.0438474e-002 -7.8850968e-003  2.9652856e-002 -1.8377062e-002  1.1850701e-003 -2.4704132e-003  3.8919455e-003  8.9105039e-004  3.4773400e-003  1.3998006e-003 -4.8427673e-003  2.2041796e-003  1.4819019e-003  1.1364766e+001
 -4.7715981e+000 -7.8745896e-002 -6.0905509e-003 -9.7747439e-003  2.2743868e-003 -7.0978771e-003  5.5149161e-003 -8.2834513e-004  1.4642310e-003  1.1129048e-003  1.2267663e-003  3.5649793e-004 -1.1922245e-003 -7.9277350e-004  1.1822522e-003  1.1564677e+001
 -4.1532780e+000 -3.1531619e-001  5.3900229e-002 -4.2090624e-003  1.2122139e-002  2.9494923e-003  4.7992886e-003 -2.4484846e-003  1.1350548e-003  3.5130640e-003 -3.8913751e-004 -1.2582841e-003 -5.2437305e-004 -3.9093661e-004 -1.7104844e-003  1.1695033e+001
 -5.2698051e+000  8.7739875e-002 -1.3707143e-001 -3.0021404e-002  5.0979565e-003  5.2979378e-003 -3.2338037e-004 -1.3779408e-003  1.3812484e-003 -1.2262897e-003  2.3785821e-003  5.5678212e-004 -2.1583993e-003 -2.6539581e-004  8.1042061e-004  1.2064979e+001
 -4.5598774e+000 -2.5154781e-001 -3.4033700e-002 -5.5311207e-003  6.9616491e-003  1.3823406e-002  8.7198212e-003 -1.8040163e-003  1.0922203e-003  1.1977058e-003  6.8149815e-004 -5.8244326e-004 -3.7049992e-004 -3.2112262e-003 -7.2424521e-004  1.2417033e+001
 -3.7167010e+000 -1.4907310e-001  1.9152998e-001 -3.7748912e-002  1.3712128e-002 -1.3521623e-002  1.1776156e-002 -2.5867909e-003 -1.9090597e-004  4.0382295e-003  6.0749483e-004 -2.6237603e-003 -8.6306531e-004 -2.0976676e-003  2.4439376e-004  1.2469092e+001
 -3.7595425e+000 -4.2092669e-001  6.0859389e-002 -6.9906751e-003  2.4734116e-002  7.4018622e-003  5.5216832e-003 -2.4634806e-003 -2.7109148e-003  6.4040469e-003 -2.2095429e-003 -4.1322617e-003  1.4595514e-003 -4.3765546e-003 -2.4888186e-003  1.2645854e+001
 -4.3465421e+000 -2.7791368e-001  6.6701054e-003 -3.3476441e-002  2.1185200e-002  1.8926310e-002  5.7788843e-003 -1.6125301e-003 -5.7907882e-004  2.0742022e-003 -6.0610777e-004 -7.9090473e-004 -1.8773494e-004 -1.5051677e-003 -2.9632955e-004  1.2861840e+001
 -5.4107198e+000  1.6954455e-001 -2.3104060e-001 -4.0134961e-002  1.7049278e-002  9.2623036e-003  6.5074121e-003  6.5949081e-004 -3.4916903e-003  5.1525618e-004  5.7216148e-004  1.3655180e-003 -1.6064552e-004 -9.0491284e-004  2.8000131e-003  1.2921521e+001
 -5.6471025e+000  1.1703645e+000 -1.9095410e-001  4.5302619e-002  8.2305388e-002  1.8992748e-003  1.4014055e-002 -8.4735553e-004 -3.6952300e-003  2.3093647e-003 -2.1803076e-003  1.7174455e-004  2.8235133e-003 -3.2947811e-003  1.3794904e-004  1.3220341e+001
 -4.3316998e+000 -4.0434940e-001  1.1935033e-002 -3.3094785e-002  1.2523690e-002 -5.8415086e-004  3.8697780e-003 -7.2530973e-005 -3.5179030e-003  3.8382880e-003 -1.1213250e-003 -2.1238715e-003  1.5662321e-003 -2.0082386e-003  5.8479231e-004  1.3433458e+001
 -4.9440909e+000 -2.9158416e-001 -1.1254530e-001 -3.5816032e-002  1.5822391e-002  2.5827301e-002 -4.3151123e-003  1.4215403e-003 -2.0836130e-003  2.0102104e-003 -1.0759111e-003 -1.8536172e-004 -3.4792367e-004 -1.3955903e-003 -9.2816656e-004  1.3488223e+001
 -4.3458813e+000  3.2151511e-001  9.7342371e-002 -5.1764588e-002  1.4632165e-002  1.9374816e-003  1.8888606e-003  2.0149135e-003 -1.6937574e-003  4.7202654e-003 -9.7539419e-004 -2.2403978e-003  1.4699729e-004 -1.8959936e-003 -9.9772353e-004  1.3590586e+001
 -4.9030476e+000 -5.9292873e-002 -3.7628827e-002 -4.5404493e-002  1.5226101e-002  2.5612044e-002  3.6059153e-003  3.2114646e-003 -4.6816740e-003  2.0331884e-003 -1.8786324e-003 -6.0314858e-004  1.2937007e-003 -1.7934986e-003 -1.8536756e-003  1.4013655e+001
 -4.9933486e+000 -3.0138069e-001 -9.8972421e-002 -6.3985672e-002  4.7648773e-002  2.3495801e-002 -1.9208770e-002  2.3979094e-003 -9.3501855e-004  5.4077004e-003 -3.5640488e-003 -1.5857842e-003 -2.8983763e-004 -8.5683278e-004 -3.1624552e-003  1.4026895e+001
 -3.5950533e+000 -6.6142733e-001  1.2778076e-001  3.2133218e-003  3.2099523e-002 -8.3039326e-003 -2.3546905e-003 -3.2113381e-003  1.4752341e-003 -1.5027005e-003 -1.7954082e-003 -8.7853739e-004  3.2823391e-004  1.8173687e-004 -4.7337078e-004  1.4179840e+001
 -5.8390311e+000 -4.8455616e-001 -2.0150274e-001 -7.5841602e-003 -1.0874626e-002 -5.3710976e-003 -1.2025508e-003 -8.1074035e-004 -2.5460769e-003  8.0336543e-004 -2.6058429e-004 -1.4230687e-003  2.3805707e-003  1.8052030e-004  1.2178768e-003  1.4379182e+001
 -3.7129062e+000 -6.1939750e-001  7.8478252e-004  2.3089884e-002  5.0751177e-002 -8.8684867e-003 -3.0707315e-003 -6.0405708e-003  5.4824482e-003  3.8291397e-004 -8.5712750e-005 -8.5482451e-004 -1.9342103e-003  2.1816259e-003 -1.2305460e-004  1.4425167e+001
 -4.8299937e+000  1.5778653e-002  3.9432791e-002 -3.5349739e-002  1.4137627e-002 -9.7533203e-003 -1.1818531e-002 -6.0924425e-004  2.8212905e-003  2.1898723e-003  5.0496790e-004  2.4303047e-004 -1.5173286e-003  1.3018407e-003 -8.6874889e-005  1.4474634e+001
 -4.8717350e+000  5.7955073e-002  1.4190254e-001 -3.1828169e-002  2.0725228e-002 -6.3576726e-003 -3.1983966e-003 -7.0855070e-004 -9.7658415e-004  3.4005064e-003 -1.5114108e-003 -8.6900818e-004 -7.1563596e-004  1.3707462e-003 -6.7492328e-004  1.4791216e+001
 -4.9168123e+000 -2.0813649e-001  4.4907631e-002 -9.7503384e-003  9.5239535e-003  4.7772307e-003 -7.6888892e-003 -3.7123021e-004  1.9725443e-003  1.3541745e-003 -3.6113979e-004 -1.0621080e-003 -1.2591784e-003  1.0968815e-003 -5.1809980e-004  1.4853136e+001
 -5.1887836e+000  2.1340241e-001  1.1450572e-001  1.4450318e-002 -4.6908178e-003 -1.9291624e-002  2.1793288e-003  2.0380464e-003 -3.0092044e-003  3.5968711e-003 -1.2010310e-003 -2.4745486e-003  1.7222520e-003  3.2986367e-004  5.3684218e-004  1.5285326e+001
 -5.5669504e+000 -2.2852114e-001 -7.3054046e-002 -1.4965076e-002  3.3283165e-003 -1.9948000e-002 -7.5516030e-003 -8.6847619e-004 -1.9586794e-004  3.4152181e-003  6.9364961e-004 -2.2722368e-003  2.2313002e-004 -5.0996157e-005 -1.9242806e-004  1.5390974e+001
 -5.3453133e+000  1.3017519e+000 -6.0111443e-002  4.5603308e-002  7.9804682e-002 -1.1217124e-002  1.1693414e-002 -4.8861740e-003  4.5255184e-003 -1.4309740e-003  1.8485696e-003  8.5178923e-004 -3.8450088e-003  9.1956949e-004 -7.5736485e-004  1.5449651e+001
 -4.9530673e+000 -2.3957284e-001 -4.9960207e-002 -2.0609865e-002  2.8942610e-002  1.4246606e-002 -7.2553481e-003 -3.1720116e-003  3.5887385e-003 -7.8617314e-004 -8.4460876e-004  9.5265833e-004 -1.6875952e-003  1.0905960e-003  6.7379528e-005  1.5602663e+001
 -5.6297176e+000  1.1222871e-001 -4.1486379e-002 -5.0108315e-002  8.4994617e-003  1.0283591e-002 -3.3512222e-003 -2.1755458e-004  2.6809515e-003  1.0738425e-003  1.0292309e-003  1.5259931e-004 -1.6170796e-003  1.1282352e-003 -5.6592418e-004  1.5846713e+001
 -6.1984477e+000  4.0440001e-001 -7.5379620e-002 -5.8594776e-002  2.2443742e-002  1.9133214e-002 -1.0272646e-002  2.8031286e-003  2.2617460e-003  3.8942018e-003 -6.2815418e-004  2.9589736e-004 -1.6682500e-003  6.7493468e-004 -2.5164004e-003  1.5870212e+001
 -4.2373109e+000  6.4105780e-002  1.9271708e-001 -2.6794318e-002 -2.4999051e-002  1.1098275e-004  1.3989095e-002  3.6672480e-004  1.5553014e-003  2.6873702e-004  3.0838726e-003  3.7039251e-004 -2.8838804e-003 -1.0263950e-004  7.0195238e-004  1.6304654e+001
 -5.4444709e+000 -4.0865052e-001 -4.5583885e-002 -2.1115257e-002  2.3315313e-002 -2.8162910e-002  7.3508658e-003 -3.0759384e-003 -2.8324699e-003  3.1181977e-003  1.3781303e-003 -1.1394346e-003 -9.8384382e-004 -3.5711733e-004  3.7306743e-003  1.6324382e+001
 -5.1801078e+000 -2.5729359e-001  3.4850360e-002 -1.5152608e-002  5.8968457e-003  1.5410054e-002  3.9326881e-003  1.4332022e-003 -3.4037429e-003  7.6486549e-004 -1.3891074e-003 -8.9858340e-004  1.4377554e-003 -1.4171708e-003  1.2422620e-004  1.6365648e+001
 -5.4164945e+000 -1.6861875e-001 -2.9415639e-002 -3.5513052e-002  6.2746816e-003  1.0752025e-002 -1.9044957e-003  1.7655784e-003 -2.4553390e-003  2.4431593e-003 -9.3677859e-004 -1.9782864e-003  1.4525261e-004 -5.0112483e-004 -3.2203337e-004  1.6448254e+001
 -3.7829990e+000 -1.9734908e-001  1.4602118e-001 -4.1024094e-005 -8.9957550e-003  7.3840931e-003  1.7021944e-002 -2.7901605e-003  2.1249281e-003 -2.3886772e-003  3.6643645e-003  1.4090876e-004 -3.1138313e-003  7.7045613e-005  1.8626686e-003  1.6478568e+001
 -5.3944095e+000  2.3847265e-001 -8.8864151e-002 -2.4418967e-002  1.2821785e-002  2.3308823e-002  5.8960188e-003  7.9964846e-004 -1.1866209e-003 -1.2442310e-003  1.0156465e-003  2.0530738e-003 -1.6350885e-003 -4.5428270e-004  7.2629848e-004  1.6616171e+001
 -4.1295034e+000 -5.0825985e-001 -2.4190279e-002  5.9781992e-002 -1.4684370e-002  1.4467135e-002  8.8592332e-004  3.0692979e-004 -3.4283551e-003 -2.0780557e-003 -2.6453053e-003  3.5179546e-004  3.9974344e-003 -1.2861849e-004 -8.3781838e-004  1.6662578e+001
 -6.9395174e+000 -4.0531492e-001  4.3663731e-002  4.1428417e-002 -3.4967107e-002  2.2054868e-002  3.9416613e-003 -4.0894139e-004  2.7314857e-003 -4.9171755e-003  1.1609616e-003  2.1723502e-003  6.6959873e-005  1.2215800e-003  2.4493685e-004  1.6699900e+001
 -3.9540912e+000 -6.1372520e-001  1.2399473e-001  1.0840104e-002  1.9227391e-002 -1.5336156e-003 -5.5277303e-003 -3.4128614e-003  1.8845793e-003 -2.3405587e-003 -8.3528104e-004 -5.4371758e-004 -3.9100597e-004  1.1846613e-003  1.0219503e-004  1.6701217e+001
 -5.6799252e+000 -6.5368513e-001 -4.1012102e-002  4.6456359e-002 -1.3368996e-002  2.7462086e-002 -1.9327417e-003  1.4843698e-003 -5.6874216e-003  1.4048688e-004 -4.0997953e-003 -2.0478668e-004  5.3405146e-003 -1.3369492e-003 -9.0638096e-004  1.6842714e+001
 -3.9515560e+000 -4.5635125e-001  8.1702730e-002  2.3019020e-002 -2.8693500e-002  6.3479169e-003  4.6707186e-003 -1.8888229e-003  1.9970009e-003 -1.3827634e-003  1.3074411e-003 -1.1113554e-004 -6.1196152e-004  8.8078956e-005 -7.9438372e-004  1.6844288e+001
 -4.9861818e+000  1.0026260e-001  1.7396377e-001 -2.9635403e-002 -1.6066894e-002 -2.5126038e-003 -1.2312654e-003  1.1148201e-003  5.9278213e-005 -3.1741130e-003  1.1843695e-003  2.9532173e-003 -1.3387935e-003  2.4918539e-003  1.3855120e-003  1.6897898e+001
 -5.7489508e+000  8.2272446e-001  1.5937885e-001  2.2474025e-002 -1.9387662e-002 -1.6557043e-002 -6.5312192e-003  4.6050859e-003  4.0255724e-004  6.6186959e-003 -7.8763565e-004 -2.1863179e-003  8.8099231e-004  1.6605504e-004 -2.4495079e-003  1.6992420e+001
 -6.0931300e+000 -4.7164945e-001 -1.7441970e-001  3.2529379e-002 -3.2792556e-002 -1.1063303e-002  6.5877514e-003 -4.6573109e-004 -1.4680810e-003 -1.0115282e-003  1.2261200e-003  2.1983546e-004  1.8009688e-003 -1.1696060e-003  2.3132640e-003  1.7075801e+001
 -3.9993521e+000 -6.1325217e-001  1.3628433e-001  3.3867787e-002 -3.5290708e-003  2.5929325e-003  6.0330174e-003 -2.1406181e-003 -1.1601384e-004 -1.4860460e-003 -1.1304147e-003 -5.3796413e-004  5.2292143e-004 -7.7310248e-004 -6.6351840e-004  1.7135988e+001
 -5.4980384e+000 -5.2598453e-001  7.9147155e-002  4.4146458e-002 -7.5702280e-003  6.9846414e-003  2.9282484e-003  1.4249637e-004 -2.7416000e-003 -4.0659555e-004 -1.2443617e-003  4.4079334e-004  2.0770536e-003 -4.9070101e-004 -2.7677894e-004  1.7185490e+001
 -6.3148543e+000 -4.7006129e-001 -2.2001614e-001  2.1780318e-002 -2.8797428e-002 -1.7350065e-002  7.1853681e-003 -1.6114869e-003 -1.8868229e-003 -8.5690661e-004  2.1330353e-003 -7.1306066e-004  1.5274325e-003 -1.2179061e-003  2.9801741e-003  1.7442897e+001
 -4.4018417e+000  5.5952531e-001  1.6142465e-001 -2.9324954e-002 -1.1128802e-002 -1.2383217e-002  6.0813628e-003 -1.6545540e-003  5.3416869e-003 -3.2049433e-003  5.0697978e-003  3.3419755e-003 -4.9826178e-003  3.2888364e-003  2.3259484e-003  1.7449239e+001
 -4.3018395e+000 -7.3881346e-002  5.0650104e-002  2.7412876e-002 -2.9629813e-002  1.9939332e-002  1.1772438e-002 -8.9674656e-004  9.2354961e-004 -5.9486321e-003  2.5048368e-003  2.0003882e-003 -4.6326427e-004  5.2455524e-004  2.0733935e-003  1.7523015e+001
 -5.3914811e+000  1.1258508e+000  1.3593593e-002  6.6691248e-002  2.5857815e-002 -1.3356202e-002  5.0668856e-003  1.2581011e-003  1.0362435e-004  3.0163191e-003 -7.8145678e-004 -1.2480134e-003  1.7218209e-004 -6.8589269e-004 -1.6999273e-003  1.7724099e+001
 -4.4732580e+000 -2.4250835e-001 -1.8091325e-002 -1.5694859e-002  6.4846845e-003 -4.3869797e-003  5.5051124e-003 -2.1310461e-003  1.6641818e-003 -6.3093971e-003  3.4390085e-003  2.5872385e-003 -2.1529602e-003 -3.2363439e-004  4.4266064e-003  1.7890644e+001
 -3.7800495e+000 -6.3090553e-001  3.4413735e-004  4.1571708e-002  1.4804031e-002  4.3021042e-003  8.8245228e-003 -3.9858810e-003  4.7678479e-004 -2.9385077e-003 -8.9216529e-004  1.8206554e-003  5.8905288e-004 -1.0954755e-004  2.3857300e-003  1.8022072e+001
 -5.9253589e+000  9.3639023e-001  1.1181474e-002  4.6965254e-002  6.1191447e-003 -1.3093494e-002  3.6533094e-003  2.6615052e-003 -2.3952594e-003  4.7643770e-003 -1.2673353e-003 -2.2443497e-003  2.0344249e-003 -1.5211170e-003 -2.1594549e-003  1.8344777e+001
 -4.3047434e+000 -2.8111191e-002  4.2168150e-002 -3.1029249e-002  1.7103249e-003 -5.7326854e-003  1.9877747e-003 -1.3437212e-003  6.8817837e-004 -2.9375815e-003  2.1815385e-003  3.9718576e-006 -1.1413633e-003 -6.5044753e-004  2.8355518e-003  1.8421200e+001
 -4.9882851e+000 -2.7038211e-001  1.6591536e-002  2.0785149e-002 -1.8322631e-002  1.6054898e-002 -1.2589664e-002  2.2602837e-003 -4.4762273e-004 -5.0239104e-003 -1.3608069e-003  2.5510576e-003  2.5154104e-003  1.4372718e-003  1.0010105e-003  1.8755356e+001
 -5.2351075e+000 -1.6499673e-001 -1.7865765e-001 -3.1454852e-003 -3.4348635e-002 -2.2449916e-003 -6.0463392e-003  4.5493393e-005  2.8091643e-003 -5.5621345e-003  3.8411668e-003  3.9035508e-003 -5.5326359e-004  1.9784141e-003  3.3330396e-003  1.9567773e+001
 -4.1335072e+000  1.9674217e-001  1.2507037e-001 -3.5448628e-003 -2.5463234e-002 -5.0866547e-003 -8.0174411e-003 -1.9622127e-004  2.5423303e-003 -3.3563401e-003  2.2969546e-003  2.7395824e-003 -2.1785707e-003  2.6005227e-003  1.6712797e-003  1.9676148e+001
 -4.9989814e+000  4.7394997e-001  4.3447532e-002  2.4064638e-002 -3.9370675e-002  5.9870966e-003 -1.1913281e-002  5.4595439e-003 -2.4019590e-003 -4.6801226e-005 -1.6212369e-003  9.3320656e-004  1.9496414e-003  3.0248895e-004 -4.6143581e-004  2.0180627e+001
 -4.1124228e+000 -3.6551060e-001  4.9625040e-002 -2.2894827e-002 -1.3479103e-002 -1.7767779e-002 -6.3392076e-003 -1.8256470e-003  8.0765354e-004 -6.8822515e-004  3.3118493e-004 -1.3070525e-003  6.8253831e-004  4.2957964e-004  1.6477102e-003  2.0552492e+001
 -4.4181665e+000  3.3209231e-001  7.4743821e-002 -9.1502199e-003 -2.4482444e-002 -6.1211256e-003 -3.6343117e-003 -7.1628847e-005  3.8935960e-003 -6.6665109e-003  3.7524546e-003  3.9027422e-003 -1.7829980e-003  1.5853390e-003  4.0796503e-003  2.0663851e+001
 -4.3183534e+000 -2.7425354e-001  2.5580774e-002  2.1647684e-002 -3.9165918e-003  5.5442704e-003 -1.3893465e-003 -9.4823355e-004  9.5215170e-004 -5.8537067e-003  2.5206065e-005  1.7368630e-003  3.6112185e-004  4.2627096e-004  1.4941068e-003  2.0680147e+001
 -4.1666061e+000 -3.0796666e-001  3.4655191e-002  1.6239557e-002 -2.3740236e-002 -5.0327552e-003 -3.3163879e-003  7.4704283e-004  1.1195894e-003 -3.5871766e-003  2.2282021e-003  1.1786308e-003 -1.4180790e-003  1.2706435e-003  2.0661731e-003  2.0724596e+001
 -5.2451401e+000 -4.3612293e-002 -2.6554141e-002 -4.2299414e-004 -4.4023191e-002 -3.0117130e-002  9.3447456e-004  1.4612962e-003 -2.3422890e-003 -1.8194393e-003  3.0024828e-003  9.9632478e-005  1.3375184e-004  1.2044595e-003  4.2641202e-003  2.1201615e+001
 -6.5306100e+000 -4.7817087e-001 -5.0809784e-001 -4.3014559e-002 -4.4602505e-002 -7.1903863e-002 -1.1859793e-002 -3.1920105e-004  4.0150186e-003 -9.0384245e-004 -1.0532181e-002  3.4956131e-004  9.3861439e-003  3.8094655e-003 -1.3324841e-002  2.1236981e+001
 -5.3441532e+000  9.4920411e-001 -2.5298573e-002  6.5555739e-002 -1.2508421e-002 -1.4164056e-003 -3.7248078e-003  2.7536649e-003 -1.2441844e-003 -1.3494714e-003 -1.0594707e-003  7.7042720e-004  2.6544671e-003 -8.7539482e-004 -1.3091040e-005  2.1614118e+001
 -4.3594255e+000  8.3646682e-001  1.7118654e-001  3.1203900e-002 -1.1973566e-002 -2.2037583e-002 -1.1954385e-002  2.1127445e-003  1.6263614e-003  5.0350436e-003 -7.6028724e-004 -2.6393128e-003 -7.2875375e-005 -5.6786055e-004 -2.9356202e-003  2.1664275e+001
 -4.7449920e+000  9.2288273e-001  5.1981222e-002  9.1179037e-003 -2.2797425e-002 -1.7255561e-003 -8.1443813e-003  3.2726543e-003  1.4250262e-003  2.6898697e-003  6.2201282e-004 -2.0485830e-004 -6.8021257e-004  7.1057616e-004 -1.9159187e-003  2.2317604e+001
 -4.4442121e+000 -7.4365397e-002  1.7968516e-002  6.3240064e-003 -2.4300790e-002  1.7252329e-002 -4.9808800e-003  3.0023571e-004  2.5788863e-003 -4.9236998e-003  1.8336876e-003  2.1772360e-003 -1.0438185e-003  8.8858287e-004  5.1841739e-004  2.2781705e+001
 -4.0384838e+000 -8.1301713e-002  7.5569447e-002 -3.2223213e-003 -2.3072901e-002 -8.9071908e-003  4.6388670e-003  3.6748539e-005 -1.0196110e-003 -2.2100852e-003  2.1418217e-003  7.1473376e-004 -9.8630781e-004 -2.9626792e-004  1.9253221e-003  2.3036985e+001
 -5.9754528e+000  1.1299940e+000 -9.8131457e-002  9.6611518e-002  1.3828647e-002  3.0631004e-003 -7.2406038e-003  5.0634144e-003 -1.8745842e-003  2.6715547e-004 -2.1162930e-003  1.4439059e-003  3.9142329e-003 -1.6183273e-003 -2.2377451e-003  2.3292468e+001
 -4.1006452e+000 -2.8161133e-001  1.4598217e-001  1.5110311e-002 -9.0031152e-003 -5.7192742e-004  6.0873548e-003 -4.5326906e-004 -9.0571176e-004 -3.5792032e-003  9.8024928e-004  3.5546550e-004  2.0223535e-004  1.1814527e-004  1.2595066e-003  2.3511045e+001
 -4.6373223e+000  3.5984734e-001  9.9970244e-002 -2.4123902e-002 -4.0769529e-002 -1.6006383e-002  3.0302207e-003  2.1741786e-003 -1.2350551e-003 -3.6273643e-004  2.2876989e-003  6.0843724e-004 -1.4376202e-003  9.9936320e-004  1.9907953e-003  2.3577733e+001
  1.0799770e+001 -3.7366639e-001  1.0118181e-001 -1.3414149e-002  3.7226603e-002 -1.3125428e-002 -3.1585687e-003 -3.3710684e-003  3.2203207e-003  1.5124263e-003 -1.3910862e-003 -2.3461531e-003 -2.0878837e-003  5.8119156e-004  3.5335007e-005  2.3706400e+001
  9.8803999e+000 -5.9092267e-001  5.7643239e-002  5.1767621e-002  1.2269817e-002  2.6704706e-003  1.0257812e-004 -8.7888706e-004  5.8668785e-004  1.3965975e-004 -2.3561181e-003 -1.7686772e-003 -3.2313018e-005 -1.3236809e-003 -9.2708087e-004  2.3718086e+001
  1.0819185e+001 -1.0600181e-001  7.1758219e-002 -1.6160551e-002  1.9226419e-002  1.0724095e-003 -4.9934955e-003 -5.8380494e-004  3.6434768e-003 -4.1562484e-004 -2.3896091e-003 -1.8465937e-003 -1.7920392e-003  4.5300940e-005  2.7466623e-005  2.4078786e+001
  1.0081318e+001 -1.6908454e-001 -2.7455767e-002  2.1989555e-002  7.0725065e-004  8.5865270e-003  5.3427573e-003  1.1590547e-002  1.2168107e-003 -2.3117689e-003  8.7885092e-003 -5.4706654e-003 -7.2985697e-003  1.2246775e-002 -4.8145444e-003  2.4353971e+001
  7.1012592e+000 -2.2501710e-001 -1.0138192e-001  1.3416092e-002 -1.5469703e-002  4.1725526e-003 -1.4204253e-002  1.7056485e-002  1.1650762e-002 -4.2059115e-003  1.0083870e-002  1.0582356e-003 -1.5769952e-002 -1.4112841e-002 -5.5053957e-003  2.4473987e+001
  1.0702698e+001 -5.8659508e-001  8.2541167e-002  1.9638321e-002  3.0452697e-002 -3.4040567e-003 -1.2974323e-002  2.1570440e-002  1.3677142e-002  2.0167384e-002  4.7011381e-003  1.4634517e-002  1.9377522e-002  1.8441288e-002  1.4152482e-002  2.4623170e+001
  1.0151947e+001  3.1482597e-001 -8.9057922e-002  1.1095292e-003  1.5068835e-002 -6.8234916e-003 -3.6946330e-003 -7.3897235e-004  4.9392539e-003 -4.4140820e-003  1.3069812e-003  2.5270829e-003 -3.6081971e-003  1.1730447e-003  4.0490663e-003  2.4698341e+001
  9.1085742e+000 -2.6604367e-001 -6.1407252e-002  4.6342642e-002  4.8176751e-003  1.7020068e-002 -1.0299497e-003 -1.4027866e-002  2.4648405e-003 -1.7385181e-002  2.3215971e-004 -1.7707268e-002  8.0758726e-003  7.7145821e-003 -5.2562802e-004  2.4970310e+001
  1.1020943e+001 -1.4336902e-001  1.6097771e-001 -2.8275372e-003  4.8567217e-003 -5.8911075e-003  2.6486871e-003 -1.8386222e-003  6.9194843e-003 -1.2440483e-003  9.2228007e-004 -1.1657450e-004 -4.9084523e-003  8.3363485e-004 -2.1231478e-004  2.5023376e+001
  8.8689974e+000 -7.1364827e-001 -1.0831356e-001  8.6891442e-002 -9.5805227e-003  1.9161212e-003 -2.5438305e-002 -2.1347617e-002  2.0554764e-003  1.6286947e-002 -2.9295925e-003  6.7682863e-003 -1.3158584e-002 -1.8002351e-002  9.7280244e-003  2.5046534e+001
  9.1090297e+000 -3.4870299e-001  1.5024276e-001 -1.0572489e-003  7.3925156e-003 -9.4702708e-003 -3.8609965e-003 -3.0456763e-003  7.0617388e-003 -5.0882121e-004  4.6092235e-004 -1.4567274e-003 -3.7000300e-003  8.6062619e-004 -1.5708589e-004  2.5105787e+001
  9.1141350e+000  1.8691030e-001 -9.3521852e-002  1.1699707e-002 -1.8300431e-002  6.7915931e-003 -5.7188379e-003  9.9532909e-004  2.1009505e-003 -4.8590517e-003  1.5528875e-003  1.8435105e-003 -1.4567797e-003  8.5255284e-004  2.7060667e-003  2.5275735e+001
  7.9805538e+000  4.2322983e-001  1.2545213e-001 -1.0211860e-003  1.3079868e-002 -2.4966023e-002 -2.2209663e-002 -1.7031943e-002 -2.8462411e-002 -1.5079747e-002 -2.1159641e-003  1.9703941e-003 -1.2552720e-003  9.2544968e-003  3.3144034e-003  2.5555954e+001
  9.6507642e+000  8.0350716e-002 -6.6650492e-002 -6.9968266e-003  1.4208418e-002  1.7317020e-002  3.9304461e-003 -1.7322536e-003  6.2918231e-003 -3.7213263e-003  2.3788918e-003  2.4222600e-003 -3.6536667e-003  9.7825220e-004  3.7640439e-004  2.5590670e+001
  1.4639656e+001 -5.1794855e-001 -9.6509644e-002  3.3986897e-003  2.8818155e-002 -6.1286994e-002  1.8108639e-002 -4.8575790e-003 -1.1003695e-003  5.8389368e-003  1.1980185e-003 -4.5512008e-003 -1.7293319e-003 -8.2954603e-004  3.8919704e-003  2.5606484e+001
  1.0528152e+001 -2.9137972e-001  1.7063246e-001 -2.6064248e-002  4.5681624e-002 -3.2258884e-002 -1.3191658e-002  2.8316398e-002 -1.7480821e-002 -1.7057727e-002 -7.4891120e-003  4.7661746e-003 -5.1020778e-003 -4.1647897e-003 -5.1647310e-003  2.5631149e+001
  8.5319094e+000 -7.6312992e-001  1.0322764e-001  4.5292971e-002  3.1672867e-002 -6.9312936e-003 -9.8941832e-004  2.4885200e-003 -6.8898387e-003  3.2764741e-003 -7.0974559e-003 -3.0468004e-003  5.1482349e-003 -3.0569127e-003 -1.2224136e-003  2.5740991e+001
  7.6187273e+000 -4.8919209e-001 -1.1498874e-001  3.0571883e-002  1.0735336e-002 -2.5213136e-002  9.3961353e-003  1.8955186e-002 -3.4179853e-003 -4.9969157e-003  4.0827922e-003  1.0647797e-002  1.6738670e-003 -5.0087267e-003  8.2853094e-004  2.5748104e+001
  1.0027140e+001  2.2360602e-001 -1.6401387e-001  6.5042464e-003 -2.2824903e-002  4.2558034e-002  8.3096924e-003  7.9744296e-003 -9.9749284e-003  3.9157192e-003  3.6396507e-003 -1.8320700e-003 -5.4433807e-003  1.2916716e-002  4.1341592e-003  2.5851443e+001
  1.2246752e+001 -2.0105727e-001  3.1464744e-003  2.3357693e-002  1.3818600e-002  1.5615936e-002  7.4724377e-003 -3.4021465e-003 -6.4226799e-005  1.3415811e-004 -3.1434081e-003 -2.7361641e-003  1.1364446e-003 -1.9498935e-003 -2.0209127e-003  2.5983206e+001
  5.3977803e+000 -3.7532662e-002  9.0072955e-002  7.1634496e-003 -2.7983994e-002 -1.8629503e-003 -1.4362247e-002  7.9357809e-004  1.2563268e-002  4.4961943e-003  1.2410642e-002 -1.9008680e-002  3.7986647e-003 -7.8106622e-004 -1.7905880e-002  2.6082031e+001
  1.1010255e+001  9.5538709e-001  3.2010913e-002 -5.5467768e-002 -1.4846747e-002  7.5781049e-003 -1.4632165e-002 -2.4078336e-002  1.3692394e-004 -2.7698224e-003  3.2973430e-003 -1.1483873e-002  1.4248601e-002 -5.4498296e-003  1.6916137e-002  2.6098442e+001
  1.1845437e+001  1.1643759e-001  1.0552067e-001 -2.5450336e-002 -1.1517390e-002  4.4978786e-003  8.5040461e-003 -3.0971673e-002 -1.0502190e-003  7.8527718e-004  8.6657571e-003  2.7864153e-002  1.2536650e-002 -2.8624546e-003 -2.1788627e-002  2.6304455e+001
  9.3040436e+000 -1.1132531e-001  5.0588043e-002  4.8968942e-003  2.7824021e-002  1.5428140e-005  4.8207974e-005 -1.0776459e-003  3.2573248e-004  2.1671682e-004 -3.8984618e-003 -2.0029690e-003  8.9948450e-004  3.7857536e-004 -1.5621368e-003  2.6560329e+001
  8.2320962e+000  2.4619759e-001  1.8740589e-002 -1.5654555e-002 -9.5798200e-003  6.1196208e-003  1.3294402e-002  4.8240589e-003  2.2888589e-002 -1.4872750e-002 -3.1135757e-002 -1.2416313e-004  6.3452316e-003 -1.3437617e-003 -1.6592811e-003  2.6689886e+001
  1.1765626e+001  4.0275168e-001  1.2695900e-001 -4.4817100e-002 -3.0183348e-002  1.5714898e-002  5.2812839e-003  1.9363683e-002 -8.1857742e-003 -1.3300728e-004  4.9738303e-003  2.2905746e-003  1.5955019e-002 -2.2085753e-002  4.5912837e-003  2.6960784e+001
  1.0304380e+001  3.1031281e-001 -1.6493451e-001 -2.5262202e-002 -1.6097287e-002  1.5392894e-002 -2.3208347e-003  5.0976747e-004  2.0923367e-003 -4.6648221e-003  1.3269966e-003  2.1034665e-003 -2.0557600e-003  9.9766356e-004  1.7847169e-003  2.7403322e+001
  1.0110362e+001  1.3437435e+000 -1.7173804e-001  2.9936572e-002  1.1164482e-002  1.5688138e-002 -4.2967269e-003  1.4019912e-003  3.5294763e-003 -1.2300080e-003  2.4405979e-004  1.7845498e-003 -4.0433990e-004 -1.6951369e-004 -2.1344405e-003  2.7615118e+001
  8.6465325e+000  3.8141477e-001  6.6419973e-002 -1.8945135e-002 -8.3908884e-002  7.2931585e-003  7.5179587e-003 -4.4210734e-003 -6.1518919e-003  1.7848376e-002 -2.7651471e-002  2.2839078e-003 -1.2963965e-002  5.6674048e-003  8.1502177e-004  2.8243815e+001
  7.6302270e+000  1.2819082e-001 -3.3592067e-001 -1.7858457e-002 -2.7204116e-002 -3.3586309e-002  1.3536249e-002 -2.8761949e-003 -4.3744752e-004  1.5237152e-004  4.8999136e-003  7.8723058e-004 -1.5806344e-003 -1.9535335e-003  5.5440884e-003  2.8258362e+001
  1.1187405e+001  2.3509030e-001 -9.5436466e-002 -4.3735802e-002  1.1010989e-002  6.3515068e-003  4.0283335e-003  2.9823127e-004  1.6511307e-003 -2.8743385e-003  1.5856264e-003  5.8555986e-004 -2.8491683e-003  1.1750375e-003  1.5389039e-003  2.8753719e+001
  8.7215215e+000 -1.1640226e-001 -5.6632580e-002  1.2141845e-002 -2.0048949e-003  1.6547447e-002  2.0357075e-004 -3.5730897e-003 -9.9251985e-003  7.3445486e-003  4.5081999e-003  6.5286888e-003 -6.4335808e-003  1.1201557e-002 -9.4539921e-003  2.9292205e+001
  1.0740217e+001  4.7333743e-001  5.6409981e-002 -1.3458424e-002 -2.8735986e-002  5.2742836e-003  4.8925986e-003  2.7642150e-003 -5.8135927e-004  4.0781609e-003 -3.8077221e-004 -1.4669398e-003  2.4222307e-004 -1.1735077e-003 -2.1657308e-003  2.9558824e+001
  1.0576796e+001  7.6542444e-001 -2.6891784e-002 -4.9718353e-002 -1.1766738e-002 -1.0175246e-002  4.8520570e-003  1.7050691e-004  1.6582618e-003  2.0224766e-003  1.0840705e-003 -2.0708261e-003 -1.5450727e-003 -1.9740336e-004  8.3356348e-004  2.9754487e+001
  7.3908336e+000  2.1601366e-001 -5.0505919e-002  3.9215160e-003 -2.0386138e-002  2.0836082e-002  1.1660159e-003  3.4603890e-003 -4.2032371e-003  1.4568090e-003 -2.5692770e-003 -2.4199849e-004  2.0108724e-003 -7.9823337e-004 -7.7309891e-004  3.2239819e+001
  1.0057911e+001 -3.7552829e-001 -7.9165580e-002  5.2231091e-003 -2.8252499e-002  1.7459878e-003  9.9904576e-003  5.7476451e-003 -1.1824390e-002  1.1460673e-002  7.8567632e-003 -1.6701441e-002  3.6016211e-003  2.7792700e-004 -5.4696551e-003  3.2743566e+001
